42 18468
26501 6335
15725 19170
29359 11479
24465 26963
28146 5706
16828 23282
492 9962
11943 2996
5437 4828
14605 32392
154 3903
12383 293
18717 17422
19896 19719
21727 5448
11539 14772
19913 1870
26300 25668
9895 17036
23812 28704
30334 31323
4665 17674
7712 15142
6869 28254
27645 25548
32758 32663
12860 20038
9742 8724
779 27530
3036 12317
1843 22191
30107 289
8943 9041
22649 19265
23806 27447
6730 15891
15351 24371
31102 15007
3549 24394
12624 19630
19955 24085
11841 18757
